3.190860 54.407704
33.630371 1831.028652
42.458585 2931.459478
64.202210 11905.142611
70.080166 32016.254306
75.751756 23006.620936
21.926187 805.857899
20.135475 1263.436575
49.638878 9672.484783
98.698696 48864.264596
55.105152 3547.945591
55.898560 5013.186545
103.337049 52887.414318
104.925920 40064.999415
52.724001 3362.383641
48.903191 7991.010443
48.516457 1797.206801
137.173942 78212.504637
31.820214 678.200688
45.728400 3853.691508
37.473443 2828.978989
63.513668 6152.606045
92.538406 22403.276868
87.631871 32310.467966
24.542346 602.481118
96.853806 25694.472310
35.176509 1893.966421
31.436595 1872.175303
31.883853 3828.478833
28.669281 883.439298
40.399417 1383.169743
37.807113 1137.625737
20.322852 1028.095365
26.755883 616.316300
27.408005 1567.444478
23.015163 2037.311358
26.819673 2360.350032
23.452423 834.513185
25.413927 427.898979
25.777659 906.234942
8.644209 61.339436
23.897221 866.520299
13.059498 168.597808
15.552644 794.005179
13.929685 501.389381
8.994660 143.291569
7.865626 108.793897
16.849091 257.813927
15.400024 518.976237
15.926187 263.032212
16.086778 523.118159
8.156180 144.260196
2.613040 4.982594
2.116491 4.273894
7.925351 87.450634
26.312293 4377.438453
13.929998 326.532929
16.925611 678.725991
9.735935 213.626247
1.292277 2.544300
1.296462 3.480384
2.457999 24.520279
2.427934 17.859607
0.760022 0.714335
11.977056 181.066980
25.312937 1401.520794
34.894856 2142.215649
48.121571 4186.740712
18.980419 365.438181
23.581782 607.798102
18.438476 439.556133
16.225538 361.820518
50.211431 4771.256540
38.603195 1395.289657
26.141086 556.334631
32.642572 914.994870
40.126315 4635.595035
53.007792 5171.052938
33.463610 1190.921677
39.252080 2925.179906
47.402843 3982.093589
39.744786 950.288241
27.239255 494.592300
14.504477 546.757050
11.498323 330.279301
62.545907 5012.871400
87.740539 9078.876322
67.949747 3784.151204
29.454975 3341.546100
54.083965 5197.766245
17.252124 490.365074
11.944420 298.205317
22.358792 555.437289
68.450592 6595.260661
79.631783 4431.869797
57.981146 4104.550394
8.663663 158.064102
46.166596 6064.424109
23.144753 627.491912
14.999203 213.505179
22.000475 646.331458
25.288146 766.859130
26.464960 859.619542
17.911200 605.109551
4.809234 28.598993
16.874591 553.162004
17.340705 527.037517
10.299623 162.979149
5.176581 27.411524
7.740773 149.853942
11.832111 207.197886
8.109963 105.529583
7.092349 53.561344
26.931704 2450.079395
17.409046 627.112788
10.659980 254.601047
5.160931 28.367511
5.893929 84.108768
10.006176 300.050271
5.751626 89.543291
3.977013 33.247809
27.029990 1353.559309
22.616769 744.248680
4.612359 30.309448
5.281178 119.523069
5.245668 193.827539
3.075793 20.413310
8.703345 483.515676
11.974545 188.253096
61.092420 20658.039595
54.832302 6529.726899
14.794896 476.284552
4.886034 25.728928
16.879774 424.915388
13.082257 249.962741
20.092587 832.526852
53.066458 9350.992540
74.838085 15008.082819
89.601117 13722.610027
64.420733 4970.925782
54.319786 8777.200005
37.614829 3213.203596
36.831584 1081.492559
30.745686 1382.058543
49.025768 6634.326755
30.607622 2615.721513
23.948149 495.756206
56.633510 2984.081764
40.278065 2831.836165
29.571137 821.815710
54.409291 1602.431191
31.133540 438.702329
17.592522 1071.194108
17.785827 614.756755
10.586039 185.637435
31.280714 1023.452863
26.703321 1314.094027
46.637324 1534.271583
55.738324 4604.831890
30.137386 938.498266
5.801387 39.160969
36.088248 2534.898663
35.958041 1819.314331
29.675334 1132.193693
20.325939 364.635189
30.593650 1477.903949
25.754357 1509.414117
18.242686 418.175493
9.454861 132.610054
14.852912 149.696349
25.386266 288.731748
50.309289 13276.163605
36.759847 6301.577834
10.384168 144.713986
12.384660 251.618859
16.707421 475.940520
9.279192 165.335918
33.296145 4932.341606
53.533296 15306.965261
72.321042 29904.604772
14.128352 632.145585
8.136389 128.091095
7.400810 115.886558
15.757748 1485.689758
13.568027 1042.839967
49.714476 7849.821122
59.072706 19269.510145
15.401826 599.680338
2.975535 10.547781
6.474242 99.761509
5.109972 41.052592
6.875727 150.615910
14.041059 342.768436
25.924379 391.941010
57.868175 3636.603799
45.168762 1890.703068
41.958942 2145.334211
46.318041 2267.339544
20.760530 418.526505
11.073635 92.552253
57.296119 3072.657621
53.672637 1926.130980
74.808128 4457.474290
45.428243 1026.010426
46.980837 1809.133413
28.384481 774.121319
57.694459 2940.746026
48.228592 1027.989429
76.945938 8393.349973
66.279052 2898.711894
57.184036 1848.788448
28.706579 710.967650
55.393994 4971.704220
65.755518 3766.082949
73.925643 2224.760934
70.395950 4070.290978
53.683425 2211.572676
70.298723 1825.675857
44.304898 1951.221720
38.562901 1065.796434
39.978103 866.068070
88.901618 7622.610309
70.302684 4191.419773
56.429597 3395.919132
21.724514 437.298970
46.553460 1927.615805
33.814078 1196.329010
29.165211 611.744919
40.029962 2137.656362
32.379056 1300.770098
32.624384 1614.412492
32.855959 1774.179026
13.698852 373.473865
20.783648 729.339129
20.724213 223.779801
17.879711 286.435032
15.287026 188.751951
18.963350 782.679276
25.439324 974.474069
7.421781 57.780205
6.724574 45.991069
22.351063 427.111126
28.047162 759.147463
15.557951 279.959117
17.588138 764.925256
16.437559 261.046561
19.740256 608.931489
4.281093 29.137670
4.104183 54.060343
17.373600 386.031208
31.849471 1690.226726
22.711393 557.005794
8.224981 60.210815
5.513364 54.983844
9.876672 222.481430
13.353460 446.693761
30.598634 866.969290
52.851241 2039.675369
104.979228 9528.934650
99.196601 5493.173613
80.002849 6740.472026
82.157447 5824.805015
92.148376 11269.442278
43.709930 1133.518131
96.778908 8015.804917
164.822357 21789.313687
136.789437 14439.815573
197.550402 45064.866865
182.345957 36642.453803
142.501212 29583.470991
145.923650 19593.467762
136.769317 25682.178609
143.038049 14613.323028
230.191980 54296.078415
207.659735 38961.026664
176.080344 24243.498006
195.386443 26384.117297
155.439072 20982.745817
160.695510 23078.583734
101.549761 7304.977880
162.373115 18536.207790
166.750603 19695.641104
191.505846 30753.227571
190.168852 29320.077316
177.128428 34121.328495
145.234132 12185.485480
156.074431 10864.617090
83.114342 4499.677543
122.399003 22912.315429
151.848864 20643.993802
193.313073 39370.116720
211.258229 38797.684270
221.990452 46161.981108
195.880870 38509.201369
136.799327 24257.436550
48.208672 2377.595282
55.345302 1224.480892
74.078876 2157.640225
112.754333 3717.391125
147.845209 17927.188395
155.520180 26677.087968
144.106364 18059.289735
90.126915 8645.968777
44.873473 1420.543958
47.589985 1688.964837
64.692181 1566.780304
84.116942 4218.660885
93.839759 3936.020301
84.684852 2343.563074
78.020033 1998.581242
64.792500 2573.533773
44.741014 1367.972237
36.941511 3440.743812
66.271290 5821.438450
52.736609 5404.461297
50.615602 2660.968711
49.680440 2419.483815
48.549464 2810.432976
72.093193 6279.157411
70.248857 4071.966772
30.388579 1060.171133
50.756181 1249.796207
71.437949 3402.055279
174.221875 19138.680558
195.609117 27776.456447
108.088588 10408.583420
50.428384 1110.984236
55.637361 7706.274743
59.525384 1709.607666
114.607668 6331.581051
87.515130 4146.990415
133.724112 3009.488600
203.499454 18121.972329
190.568949 10354.943682
184.157490 51041.629457
110.144931 20148.091409
90.998423 4878.215811
111.696898 7308.247353
74.682212 4348.396538
115.958097 4247.435094
172.398162 18210.066345
153.429232 16300.053299
157.655248 30605.500721
83.909589 17869.590534
123.033906 17317.353244
165.130610 15360.641393
128.728796 15870.078864
147.565976 13380.604058
129.118433 4242.098375
112.487955 6278.061924
117.818569 9210.121294
75.971288 16070.979164
78.790108 4493.711952
109.442340 8303.405571
103.999859 11512.674525
141.055607 14228.306149
135.659095 14251.063395
144.433913 30543.008191
97.322806 7129.279407
58.895108 3455.664629
39.922175 803.043334
49.468612 1042.593374
83.253658 5168.132540
79.401113 1801.876235
85.528312 2347.185248
101.318552 9330.823584
90.754125 10163.428178
64.064790 11031.985278
21.623957 367.386109
43.183551 2029.864495
54.156930 2826.763593
52.951676 3617.092014
54.956108 2446.385823
62.066745 4107.921229
65.401927 4553.812647
77.176224 6754.219337
10.681327 152.244881
21.480636 556.658032
33.200956 2955.077354
42.405622 3459.098261
48.335355 5925.110698
41.111109 2773.871432
26.744046 2054.941151
18.458473 839.738662
28.273774 338.656255
47.853057 3762.099739
65.194999 8515.737144
78.692749 7802.194477
115.201984 41317.297949
79.432341 7799.281496
44.009244 2308.068442
17.958980 771.564374
39.652242 1058.364223
63.285814 4600.326217
63.563039 5878.853898
63.511908 4525.193828
60.645517 5221.034043
84.807277 6017.006509
84.813262 14209.265380
72.363252 8930.200209
52.447832 6308.699787
67.993130 15000.479756
67.851841 7809.133456
50.667718 2641.723287
43.894809 3254.492175
72.616696 2517.643574
81.313381 8452.566613
71.695116 7999.620463
17.084329 320.667875
38.808193 1345.358168
44.235128 1917.913636
28.806916 692.426384
19.063069 350.054723
53.128031 4627.718520
90.139812 16763.246400
83.458144 18313.188961
19.108996 444.191121
27.958285 611.534716
15.403909 152.841542
13.155048 199.151229
40.280682 8193.325389
44.434274 3300.681855
36.288738 1492.983730
47.229858 8129.493194
5.787811 21.821849
20.538932 300.653729
16.800578 240.028377
12.879100 230.190801
24.173313 2709.832020
41.524502 5538.704364
99.141375 42595.526203
47.894015 10637.667992
13.239728 431.065770
17.196928 366.994384
11.773662 141.186252
6.094197 84.197132
6.229550 25.170076
12.648012 615.845767
40.702798 3631.822963
61.667667 17483.448862
4.346839 23.011584
6.842154 31.672970
6.118742 30.120788
4.792689 21.173805
2.529211 3.134452
3.851610 27.386960
4.095063 23.916273
2.394874 3.493113
17.686137 367.467615
17.998342 329.119537
14.753819 384.883764
39.633228 789.132786
35.448821 1562.392758
28.099615 648.999644
31.007177 1599.171341
19.902387 410.012538
29.778056 1433.945970
44.856672 1082.198047
26.626912 681.747241
49.778349 3882.182210
33.094042 2691.420597
64.923399 3676.505850
68.477183 5456.085848
27.233365 1587.512545
22.100319 1516.494919
24.361460 806.755753
14.930688 273.470041
46.250134 2850.860536
35.705895 4664.150728
61.958255 4926.752766
78.827524 5512.833447
26.124277 1301.456057
19.565747 979.139702
19.783086 149.792974
19.576878 584.446752
15.577374 544.310474
7.389810 82.353990
19.297697 212.282211
61.921979 2946.387968
25.939001 580.783961
11.451415 340.696629
12.946157 117.323274
14.244391 234.858355
15.521768 521.028672
16.859404 939.940760
41.111490 5319.948304
30.853807 972.435958
30.625088 1300.228494
7.472955 123.224346
20.252632 772.667225
19.991591 398.190091
14.965976 305.608675
15.873709 450.834224
37.238479 5310.279792
24.538280 1911.361857
25.845069 1445.232888
5.058810 26.293203
5.377993 27.621744
7.124889 67.717160
6.047907 109.054691
3.337728 11.861865
2.422829 12.334900
9.145732 440.506708
11.564945 411.180083
17.432889 1879.258606
4.051247 29.369451
2.788471 9.444445
4.289638 40.067880
1.083130 2.297269
4.278797 23.901408
3.962879 24.091173
4.540532 92.096057
9.356531 126.849099
11.400296 140.636493
25.254936 920.275660
52.899534 4519.226146
14.033450 216.287523
12.539941 303.315189
12.605175 198.350246
10.548643 174.622574
45.351176 2976.735881
27.181726 209.386701
32.993628 1161.456904
24.568355 857.710128
19.835876 558.470470
57.823455 4871.177747
43.041319 1714.542807
26.675837 897.935372
49.994343 7149.202516
35.664021 706.345089
29.040981 1134.659411
35.115944 1102.785516
22.384634 1025.341377
38.686954 2029.052701
40.266922 2342.865073
52.766855 2836.247804
30.536821 2842.466842
28.695850 1506.671441
20.140127 500.767447
24.144382 2786.874352
19.102464 624.491233
27.046680 1737.617166
45.338366 3533.940204
41.838356 1710.858036
30.889974 4069.237882
18.453932 279.550540
25.061058 998.421275
20.159549 1177.474011
10.293670 78.236141
10.102236 72.957517
19.398991 441.187292
18.993217 352.620212
6.692396 143.471808
6.766066 53.261446
12.532795 169.157410
20.931601 1242.238083
5.236498 22.297985
5.438254 42.514873
6.438763 166.956337
8.190704 134.555525
5.007460 50.009708
6.604016 112.966204
13.192736 353.610047
9.088296 197.962120
4.939487 83.967487
4.234189 96.298956
11.296723 427.048999
10.771503 203.878323
13.539850 475.567580
5.150966 58.280206
3.152082 14.039533
2.071162 6.565885
1.206590 2.236582
1.066889 1.438603
1.631526 2.638666
1.329308 4.500261
0.650255 1.419893
10.472571 386.254600
17.090669 595.168811
59.980929 11378.723070
15.439801 1260.435465
22.509076 1783.560654
16.521212 706.951781
5.271297 69.519374
25.498791 2343.448086
62.644945 25524.194607
30.775488 951.215489
39.078158 3821.340571
36.505683 7881.869477
24.798452 1384.670897
26.147784 732.492957
13.968955 426.725774
29.728673 989.513944
121.633184 69724.613056
24.562806 506.494752
37.697013 3722.820002
22.144344 911.415407
15.398830 726.225360
36.898083 3873.620461
45.165144 8649.325854
17.063059 220.129712
88.707747 26328.581935
20.342985 517.717819
20.879299 750.918729
18.652145 2255.347834
15.931590 992.047196
7.809850 68.336070
13.441145 467.990354
8.943404 167.948758
15.543454 345.484500
13.688848 292.847800
18.798562 1262.182239
20.055091 2367.229777
9.359825 304.526915
7.395990 93.496326
7.088657 129.487804
3.377201 25.050932
15.213407 572.259051
8.610548 87.585780
10.046750 461.818998
2.338254 11.856520
2.627313 19.074846
3.153387 18.603879
12.340197 233.946772
2.253261 28.334898
10.305914 185.420399
6.133187 56.368214
2.043621 14.083929
1.105389 4.199655
0.981234 2.899183
2.650126 15.320118
24.191111 4319.337354
4.592349 158.165891
8.826517 471.872593
2.399260 7.229335
0.282514 0.193135
0.564059 1.303173
1.964162 25.587038
0.689440 0.707070
0.454688 0.445823
6.558383 75.848628
12.084475 884.621715
27.636751 1886.341121
25.340199 920.600291
6.715327 51.256730
6.560829 110.977908
9.776446 464.280718
5.460439 92.187358
32.898805 2401.870461
15.792843 867.276416
19.602849 421.706322
25.487440 999.932350
26.139268 2605.281606
37.842491 4467.407855
22.078327 1143.519975
23.830234 3122.538544
19.170813 935.014522
24.907069 879.298833
20.669455 563.593263
10.314371 495.730393
3.396891 63.390248
24.511849 1183.311000
41.553036 5722.077526
32.466348 2512.629218
7.876771 178.025331
43.209064 5174.881565
8.934452 86.648202
3.068640 20.721612
9.851094 274.554741
34.781558 5566.687786
19.755269 626.499572
23.119445 2191.288739
3.206292 24.010920
15.313149 971.480777
5.292185 32.895259
4.273555 66.093692
7.023857 65.716322
11.336112 468.308327
7.299879 433.929416
5.752055 96.625810
1.582535 6.713639
4.569809 25.332612
8.216004 135.173129
3.518186 35.740801
2.074367 5.087357
3.204914 51.007246
2.780730 44.741872
3.878538 43.801737
1.892560 13.781777
8.247090 115.220719
4.973202 46.316087
1.624840 11.249002
2.873264 30.586284
4.371532 89.448002
3.068681 24.194188
4.560440 78.300295
0.834438 4.737064
11.416881 379.238804
7.058766 93.316301
1.028716 5.916314
3.488606 104.288468
4.686018 193.653517
1.575161 11.268338
8.085320 491.753799
6.579513 134.191529
51.756961 17904.589159
32.456181 1520.000750
11.953041 497.134596
2.145620 16.791741
2.995857 36.823442
3.209779 44.741992
3.655382 58.541166
39.173011 9972.050429
48.052730 9072.711593
62.755541 13978.987918
50.149333 3013.842992
43.606268 7322.833384
15.935300 923.479480
13.105981 656.805158
15.128780 1384.528390
19.711915 2663.675483
19.950724 1612.810109
12.782265 190.030610
35.346095 1813.525219
19.812231 1004.025307
7.767756 139.827517
27.867124 688.138204
17.139864 469.991146
9.202152 564.497302
4.907036 122.956350
1.501004 5.680746
7.898445 176.277169
6.901879 161.970665
18.039042 949.222658
9.663402 162.559396
8.433930 215.933339
4.218803 26.860447
8.714826 133.693548
13.030231 399.283523
11.212975 444.332361
8.428699 121.873293
18.234983 1116.365116
4.750855 75.540963
6.413293 344.243721
1.582129 6.995141
5.126905 41.716440
12.314038 228.823732
30.024901 5661.926916
12.837170 808.166420
3.485166 24.649301
3.832079 40.855853
8.408011 494.208169
4.135841 63.676645
13.206098 451.244045
31.829631 8274.138660
22.998923 4615.951950
1.937260 12.470996
5.159963 129.283619
2.203379 14.578623
13.628979 1512.192888
5.092927 197.524142
22.774195 3191.992362
22.146159 3435.369946
0.971854 6.382596
0.717773 1.520753
5.633207 107.447928
3.258950 32.699243
5.078366 153.929825
7.337940 159.234195
9.544020 164.998150
28.850505 2632.560435
24.914903 1763.220238
11.640519 188.040552
12.380616 599.219432
5.740087 69.803677
3.349832 50.046115
38.697787 2374.935890
25.434304 754.548685
44.053063 4210.022469
22.847674 604.853198
24.916798 1888.590507
14.472723 568.878439
31.334901 3615.604813
13.440067 484.726968
33.723965 5150.575130
32.042135 979.683804
37.040536 2035.073947
14.636299 393.319118
15.374229 532.511989
34.317639 2452.112738
32.002628 1165.185910
22.452994 575.517731
35.136308 2136.089136
49.797068 2040.451013
22.676665 1793.356064
12.765431 541.486797
14.280277 734.051260
45.323627 6678.123664
23.440469 1140.782844
9.739708 256.140628
8.040053 91.491236
18.553016 393.534570
11.645079 162.966746
6.167276 33.740361
18.772101 1741.839192
9.807243 331.788994
3.931606 34.042115
4.236163 54.477990
3.813367 96.905511
5.463982 31.059268
6.583504 111.998729
4.006836 37.811698
4.987486 56.831376
3.678010 28.885544
9.318896 471.769289
3.539042 33.920361
1.363734 3.001609
11.997822 178.779758
8.666017 203.576237
2.322429 21.523367
1.987468 11.948632
6.865059 285.795423
8.179251 305.837488
2.402218 24.124211
1.951909 22.751875
12.430021 366.371834
10.998386 191.561706
3.747194 83.087606
2.720981 35.883476
2.617858 20.251863
7.246072 239.214065
11.873873 471.539837
15.111296 748.563585
31.795675 2448.564829
43.473454 2083.254306
44.624196 2858.378026
28.693845 2295.406048
20.218257 501.733862
12.546997 209.172849
14.075203 383.257663
41.144704 3499.228479
73.244640 10592.446761
53.436540 3548.691542
81.362357 9545.570764
78.291157 12921.077529
54.689425 3350.074543
61.991749 7246.089308
79.014986 24013.901309
24.603042 1498.327812
73.123034 20659.748349
89.342709 15646.795066
65.208874 6212.600946
83.970924 17421.982737
55.249129 9843.591025
89.146094 13012.562969
53.775395 3995.351198
112.444127 22433.445688
95.959973 20393.731024
78.121759 30403.900996
75.802096 31553.028915
76.259250 32072.193321
55.193365 4245.925826
64.370038 2395.652008
44.298365 3987.182030
46.902631 11109.749740
35.501603 1198.466099
29.640812 939.471749
40.922581 2305.454535
51.448632 4796.346133
44.625428 2429.128331
23.363715 1995.431515
8.122520 119.993270
6.496227 90.798179
16.819922 553.580768
42.852081 3838.856114
45.338586 5112.874223
48.437604 7965.638256
24.829766 1736.958415
17.876595 738.212776
17.949377 1304.569302
14.901131 667.427203
20.887540 782.018459
22.306736 1696.011681
16.969665 532.711955
15.486751 436.177698
10.873649 165.731985
16.634285 510.350391
15.011312 384.039608
26.552420 3394.173352
44.164570 6250.609011
21.754201 971.015134
30.659604 3095.430176
30.643636 2753.774678
37.422138 3227.002116
59.434691 7233.808414
58.441179 5031.377708
18.727844 1202.113022
26.376847 1129.887965
37.082862 2577.626977
76.977566 14802.417283
108.248532 32676.619447
50.153552 7805.662336
11.955613 196.724893
14.638922 476.826871
29.112666 1624.804905
53.391480 3598.080425
43.151167 2588.264818
69.711579 3540.626222
117.102894 14439.771710
121.697486 8499.626809
72.103014 10876.510559
49.415149 5526.428241
27.165606 2077.100191
33.612717 919.722429
29.851975 767.633210
48.032799 2002.618700
40.919364 1397.778244
51.297405 2172.944240
63.395071 4203.388689
36.569777 4876.131313
48.293708 14210.276045
63.559264 6791.238412
55.489654 8362.490879
56.526155 7735.888986
47.610741 3130.671803
43.437953 2486.682682
59.043561 2990.994372
10.301408 90.044843
25.042706 1553.545169
24.679972 548.975655
13.770614 248.530998
35.308160 1485.050290
38.823127 1988.813885
48.253607 8537.145809
43.274232 6133.310191
16.065296 663.525887
9.871603 155.335481
18.186504 765.386249
34.913371 3676.356277
35.022179 2598.064927
29.457474 1587.823412
38.837128 7458.766120
18.751801 949.176522
10.095997 200.462214
7.873689 110.721379
12.407211 105.516136
18.375732 781.614237
18.349116 326.740108
11.933731 333.225099
12.256438 728.649009
11.727541 846.492030
24.851908 5261.124626
8.044877 170.627512
13.581184 189.596806
27.817886 2881.481792
36.248767 3694.456033
42.595883 6263.653165
32.821629 3025.139257
19.671864 2153.214622
11.055648 921.001212
7.585069 112.179794
15.284046 888.734331
23.678018 2956.110858
42.626272 5943.989421
27.886864 1394.315811
31.274290 2293.318115
23.842248 2549.448543
7.492219 479.271669
16.603229 278.823834
47.175356 3940.666320
30.120349 1053.961899
24.926695 1021.531586
17.105177 376.273577
50.445173 4069.883731
65.289133 15588.114773
54.510613 9202.561768
6.663831 87.665867
35.556835 5731.403090
48.145825 7009.679070
32.542494 2181.895951
13.268093 542.021749
37.291628 1983.656527
33.750695 866.721312
36.250730 3649.794940
8.038604 365.569578
20.367557 997.125752
12.152035 120.951446
15.220984 465.517236
8.116436 151.754834
19.409788 494.012780
31.823107 1914.449926
18.737140 1132.500814
9.835417 427.203359
8.923628 71.685671
5.728829 51.861249
5.391917 80.053166
4.652691 45.041513
13.699832 180.594246
17.187289 801.094584
32.533511 8332.098205
3.098190 17.582095
10.780847 241.227724
7.333520 112.084151
1.900549 9.725626
2.780343 12.895830
16.181600 1139.068614
23.088196 2537.406655
5.770518 140.692569
9.151994 283.540874
10.293035 256.539864
8.095808 112.463889
4.695220 73.145199
2.117040 7.601389
3.913853 38.592466
9.845297 533.416993
7.856853 530.786730
2.377197 11.023822
4.776952 27.770242
4.520005 33.481795
3.153284 22.794778
0.892270 1.002313
1.467300 9.673899
1.410795 9.403387
0.564493 1.398894
7.464598 212.444067
7.784406 275.276373
5.737231 130.245645
14.721712 495.195115
22.629303 1845.335011
15.838138 658.127554
15.759375 637.846245
12.376425 341.919694
16.858412 1271.024228
23.985547 551.369887
15.986633 294.476068
11.826315 198.435905
12.365005 334.465178
43.178823 3786.260742
40.027374 3014.781594
12.742904 415.966793
7.003781 176.204229
5.518565 48.230917
5.303298 33.956465
17.127008 465.505356
17.527462 1097.278337
21.286179 334.124806
33.786727 1246.753545
16.892762 756.976407
11.812732 1064.752731
3.810647 57.969792
1.920063 12.967978
5.801377 148.917894
2.219865 8.960546
9.645952 80.714558
36.226996 3007.671518
10.580062 211.032897
1.685984 10.350846
4.451072 52.416369
3.478609 28.115043
2.115843 13.961997
1.659930 12.419504
7.318107 62.806197
22.450979 584.617900
19.551968 1346.720507
6.076794 135.358502
9.663551 331.280234
7.089330 63.997328
6.816082 161.135129
3.854146 76.527848
5.088098 74.226959
18.109065 1846.158593
17.915264 1299.661126
2.950610 21.456587
3.219391 22.641710
3.785852 40.256008
4.873632 111.559019
1.670071 7.213980
1.238015 9.892903
7.751127 456.625097
3.709754 113.410515
16.478322 1905.869836
3.088380 30.341750
2.035873 10.462190
3.838641 42.010364
0.637108 1.039696
1.945824 9.726631
2.782923 21.688025
1.318877 6.041229
5.353056 53.639592
5.966154 67.740206
9.634744 212.790940
13.579612 488.222751
8.686163 194.223322
6.711300 71.971965
5.134449 48.985580
5.405619 99.270008
29.930636 1823.276418
19.537860 231.606940
19.125286 415.161552
5.205581 16.621716
15.248557 400.412706
44.573163 2392.915143
29.304843 1652.809403
12.600386 517.267742
33.836444 7562.469346
18.900567 409.699790
15.699485 484.428165
10.769530 156.981752
9.520229 115.283699
31.289467 1496.308332
20.839251 436.886115
18.444985 1209.547956
15.332710 1749.230711
10.312557 387.111713
4.495324 57.859218
8.037841 273.173199
6.770838 115.064244
7.280741 67.310451
10.480056 263.933657
5.768280 74.319899
0.734328 1.118413
4.956147 70.980920
8.772440 152.427002
4.748454 65.810668
2.527614 28.645155
3.119895 16.004106
4.133157 31.998130
3.952496 33.755106
4.688638 113.125103
2.997506 14.587249
5.758798 66.860384
8.289497 231.218225
1.907133 4.347237
2.313835 17.621703
3.532966 98.144436
2.543755 39.626991
3.855191 48.218616
4.097432 45.187743
7.651186 124.479912
3.595116 21.955078
2.167346 19.855008
0.776764 1.000642
7.232643 450.288787
2.788939 39.701319
12.651593 492.157120
2.523453 34.078439
1.926203 9.090135
1.417437 3.249995
0.438350 0.605465
0.327472 0.339906
0.323849 0.314922
0.115388 0.074381
2.540606 40.804503
23.157801 1435.328523
25.367915 2214.861980
4.221280 45.074092
54.640368 20626.969529
53.242683 22486.050971
5.404976 116.019893
14.864178 1022.707051
24.140089 3079.742151
36.053745 4032.980745
24.329666 1442.130246
16.820401 1243.851335
66.831372 20145.288703
80.127475 32244.403953
26.576217 2070.406650
34.934240 6832.399834
18.787784 791.610641
15.540748 350.137176
7.257407 76.762625
8.031388 97.371823
15.329097 632.510447
48.114840 3658.232997
55.640317 8824.785702
42.466726 8429.536326
7.479286 406.418383
8.146060 119.729529
14.833522 825.214956
10.557294 259.530454
13.231709 259.502944
12.737692 143.414297
32.589566 1084.475471
24.365967 875.193526
11.379448 457.616482
11.212429 349.613454
13.719155 569.554973
4.216600 94.915219
6.764582 134.483017
14.092599 227.211031
18.017938 223.962298
18.689002 836.435225
5.267007 37.699145
8.683814 524.557029
4.448950 39.643287
5.505894 67.004401
11.591431 422.623278
6.367347 123.116916
4.712238 44.349364
4.508894 32.663237
13.146763 476.564632
5.620273 50.923805
9.953591 245.031943
6.112559 78.045682
1.507651 3.107504
1.135257 1.846045
5.275225 83.103039
2.121182 5.690942
9.337649 186.938867
8.099094 223.672763
7.336676 222.510248
1.009763 1.649306
0.732403 2.852715
0.493836 0.383445
1.738494 14.734524
0.305334 0.230355
5.418673 49.309332
13.228461 246.482787
7.258105 149.021706
22.781372 2590.373096
12.265093 320.256957
17.020953 439.840075
8.662030 109.747923
10.765099 375.957873
17.312628 643.972636
22.810351 515.569089
6.538237 113.044074
7.155133 66.002005
13.987045 395.545809
15.165299 522.391543
11.385282 162.114306
15.421846 390.408538
28.232029 1482.624413
14.837717 549.620145
6.569800 159.053432
4.190106 56.701203
8.101431 121.350424
38.034056 2043.550985
46.187505 1806.056965
35.483398 1740.180957
21.578204 3488.422747
10.874900 935.200187
8.317671 295.376298
8.875780 288.699328
12.507698 382.218163
33.669033 3131.045291
59.876514 5267.239564
34.861700 3293.625609
5.457371 157.207476
30.853444 5223.380470
17.852569 429.754260
10.725648 205.276732
14.976618 599.245076
13.952034 358.012697
19.165081 567.318033
12.159146 450.359842
3.226699 13.995869
12.304782 591.622409
9.124701 332.875986
6.781436 107.101053
3.102213 19.785189
4.535859 42.249735
9.051381 111.408562
4.231426 26.648868
5.199789 24.680043
18.684613 2058.581319
12.435843 352.033120
9.035140 165.961271
2.287667 10.190146
1.522396 5.628322
6.937495 173.547820
1.191186 4.401704
3.142575 18.325031
15.613110 939.508015
15.558003 716.850272
3.583643 20.877996
1.792572 19.470140
0.559650 0.375244
1.500631 3.988685
0.618025 1.607482
5.395032 118.284823
9.335460 125.626784
22.376125 3354.132319
2.841855 45.561742
2.740414 20.648165
13.883916 334.666218
9.872478 129.003443
16.437205 741.717597
13.893447 359.582954
26.785353 1706.094646
26.845575 2526.174719
14.271399 469.298277
10.713518 183.540725
21.679529 843.785869
23.725602 918.938578
15.616905 409.796934
29.313855 1919.096087
10.656899 171.105657
11.165884 166.007463
21.287414 1184.025032
20.465835 537.867043
21.803381 506.316119
26.542166 1177.088514
13.993675 386.974598
8.390370 633.584794
12.878791 265.494371
9.085035 148.564411
23.382269 881.513775
19.801441 854.704992
28.598282 910.553246
46.074924 5091.394508
21.703456 896.963697
1.582584 4.595645
27.373421 2493.158535
22.927809 742.489381
18.462359 581.941613
11.897240 180.533219
12.358666 215.333440
21.003501 971.115644
11.829393 205.095118
7.872732 97.619117
9.726007 129.911977
13.072228 216.288065
20.284391 1677.753830
23.922675 2670.047750
6.899002 93.739266
8.552581 101.521871
8.299410 95.110481
5.143351 58.746239
20.090046 2549.503853
21.703671 1168.829771
49.322108 11217.674616
12.191093 526.599950
2.976427 15.224594
5.197431 84.818547
2.128769 9.336818
8.475100 336.525293
26.940281 2783.191636
36.926546 6578.032800
14.429971 492.483850
2.257761 10.631325
0.841035 1.330464
1.851022 4.819692
1.797361 10.197783
6.703119 125.654087
16.380360 243.191954
29.017670 2073.584531
20.253859 1030.020146
30.318422 1956.172170
33.937425 2436.724987
15.020443 444.136341
7.723803 71.859865
18.598333 553.793439
28.238333 1102.758761
30.755066 1546.047677
22.580568 1152.908123
22.064038 637.379254
13.911757 163.097169
26.359558 852.959813
34.788525 1238.913329
43.221971 2326.948226
34.236916 3308.341982
20.143500 612.436537
14.070280 125.731085
40.019767 3376.747417
31.437879 361.547919
41.923015 2339.349013
47.942953 3352.629588
18.547118 479.569002
20.501653 387.952427
21.628234 211.027845
25.797471 336.172523
25.697828 448.587339
43.577992 985.742753
46.862217 1961.264529
46.689890 2460.277636
13.684460 314.931091
28.000444 974.332727
22.168999 543.086383
22.997936 573.471342
21.257859 1126.086599
22.571811 536.926891
28.692778 1732.325146
28.619796 1870.131797
9.885486 340.948303
15.319667 543.319050
14.140710 208.491910
13.872875 311.619451
10.299540 157.438397
15.285339 706.156138
16.120427 674.659193
3.882739 22.211850
5.360840 33.103703
10.353243 149.222504
19.381146 400.688390
13.235522 284.033019
15.600670 626.797318
9.572500 69.819131
11.561005 250.497580
1.878875 7.015011
2.152274 9.410852
4.943580 43.379279
20.851085 782.415765
18.964199 587.269075
5.504000 41.686882
2.895506 14.179479
2.630600 7.308714
1.479587 8.493739
15.487338 420.824862
21.055566 590.304335
61.505775 9979.844385
54.572409 3762.200407
51.309004 7333.202227
61.939191 7442.262758
79.601378 12573.542300
29.634728 1027.558080
55.634202 7227.763184
91.577714 20902.770412
83.352898 12516.870557
116.188035 31690.058587
104.054803 29674.744331
87.811782 20816.918896
83.931895 14023.750661
57.754335 6343.465889
118.435004 14587.435199
157.068948 42681.919230
118.317028 25485.715554
110.871471 17311.715507
111.415518 6731.206434
100.189943 6862.377841
71.549413 2659.507052
47.774365 2989.111310
49.928982 2100.468296
70.790632 3207.639343
113.384087 12128.209121
114.366759 7900.458650
100.869165 3535.686853
90.040763 3829.663519
91.704390 8001.767031
38.815978 1779.166709
75.496374 6162.160411
116.347256 21571.938625
163.672257 32289.687963
170.335652 29373.335168
170.541828 39060.399333
151.255446 42675.056264
113.435612 25658.475540
40.086151 2345.403281
48.849074 1193.599855
57.258955 2373.418916
69.902254 3748.382698
102.506623 17753.550540
107.082580 27076.638151
119.276601 20232.748132
72.250320 8799.265646
26.924097 689.086199
32.688854 1684.343043
43.804638 1876.392984
61.810205 2811.331204
76.870096 3263.824775
69.198098 1476.093041
67.146385 1793.332013
48.158214 2411.276885
29.729704 1271.448068
10.389092 67.467555
22.106720 412.564349
30.982410 3686.273219
19.955999 314.087588
19.036803 371.149779
11.127325 113.659175
12.658500 136.407823
11.807678 169.879122
11.660736 92.244788
24.379334 473.796431
34.355089 1614.244512
97.244310 18182.117768
87.360592 10546.717196
57.935035 7049.566164
38.472772 1625.944264
40.998439 8343.423973
30.412717 1093.942769
61.216187 4795.422903
44.363965 2226.511378
64.012531 3604.307692
86.396548 7605.395953
68.871466 5166.585625
112.054476 45305.830153
60.729786 16500.924589
63.832815 4252.901662
78.084178 5230.608203
44.830236 1915.364302
67.925296 1971.734718
131.478789 12489.523434
102.131825 12826.279343
94.260186 18344.597700
47.339814 4244.269015
74.740199 6552.101212
101.571339 15033.411585
73.239150 5237.847293
91.039824 6170.131811
81.507695 4945.147190
69.050006 5359.377911
58.775007 4388.008125
65.669878 14349.819679
53.747404 2358.957670
84.762367 7926.269467
90.229243 11362.242174
105.747447 13465.906285
96.835973 9316.439206
96.180311 18181.608561
54.048571 1997.601685
42.829815 3196.742628
30.050572 636.956266
31.282106 550.081418
48.340288 3865.738173
44.378936 1018.666631
56.070836 2060.757845
62.481423 5804.151460
72.002327 9492.779076
53.968792 10106.063029
13.750267 340.190533
30.776339 1995.442133
35.781200 2092.193298
34.602562 2752.751957
43.022379 2045.730830
49.810308 3862.164375
53.674387 4606.484324
52.324316 4011.936797
2.636450 17.054683
7.899452 148.186171
5.383070 61.878594
6.156856 199.681424
5.739472 57.689307
8.289481 266.743254
7.072182 178.862800
7.402824 82.423493
20.688705 413.250139
32.569007 1687.985090
41.516980 3689.686038
36.066477 1934.936303
87.315120 44629.533430
48.158051 8302.766371
20.166997 593.509549
10.466761 401.852113
23.049012 735.562232
16.110459 194.377439
33.442689 3921.280318
38.585212 3681.228356
43.540337 4648.930697
34.362104 2989.348292
19.524129 554.060277
17.852639 1341.759259
45.784004 5303.649377
32.436295 2343.359524
19.706018 432.119937
18.125226 402.497723
30.626714 1888.305746
35.325069 1851.043902
47.562681 5922.595600
35.444387 2999.013756
9.045725 94.763734
18.440636 422.864016
32.083094 1655.284199
13.585932 240.001095
10.946632 130.331771
33.718243 2364.062633
58.316702 9309.486008
64.721000 11269.378525
9.273580 100.995458
19.034657 467.548622
9.675079 156.002953
7.763130 137.186082
35.627989 8410.972971
30.734441 2310.475143
19.101447 306.680578
14.696347 739.256188
2.689621 7.838067
9.758085 212.428822
9.467058 184.576327
10.978551 240.035994
21.392969 2771.340752
25.342903 4828.115987
76.053176 41682.516777
42.123495 9925.464653
4.087734 38.041987
6.903893 33.495786
3.677854 9.808543
1.398978 2.051090
4.112509 15.991602
8.734159 378.031076
30.857501 3557.189981
53.810814 17795.098766
1.969642 9.895890
2.065202 4.997193
1.598737 6.310969
1.639404 5.573117
1.636941 1.584538
2.384310 8.289320
2.684268 14.003408
1.830381 4.160693
10.221539 127.313087
10.213937 62.671673
9.016588 103.787755
24.911516 862.224943
12.819519 167.996638
12.261478 301.182907
15.247802 580.404270
7.525961 96.439237
12.919645 265.891695
20.871125 1060.463371
10.640280 159.957209
37.952032 2712.670529
20.729037 1201.987569
21.744577 779.345313
28.449808 3572.339391
14.490461 893.862427
15.096537 1208.692099
18.842894 667.402606
9.627391 196.944462
29.123125 1876.748820
18.178434 1344.109048
40.672073 3441.185791
45.040797 2914.990316
9.231517 221.027988
7.753015 71.479015
15.972439 205.038819
17.656815 582.856377
9.775998 309.097038
5.169945 73.768426
9.651745 104.766872
25.694983 620.597878
15.358939 490.996947
9.765431 362.567536
8.495085 133.249505
10.765782 257.598876
13.405926 559.294470
15.199473 976.168801
33.793383 5644.215011
8.402829 135.774799
11.073119 239.624663
1.396162 2.902027
10.589082 625.717445
12.902261 213.009774
8.149893 157.332207
12.019563 455.836914
32.150382 5549.193359
6.429217 49.503759
7.929805 128.290498
2.108200 15.362426
2.158602 12.063476
3.339037 27.241410
1.174275 4.780967
1.667657 7.010616
1.184814 3.033545
1.394605 2.935024
7.855191 355.818797
0.954567 4.848084
0.962867 4.120542
0.752599 2.012320
0.450996 0.649748
0.446022 0.576209
2.332973 7.872113
1.179956 3.218297
3.221655 87.033650
4.003475 115.902666
5.434141 60.918796
15.620192 612.508754
39.319920 3168.808944
5.347287 114.923898
5.828641 160.201990
7.470726 157.988920
5.143024 85.672966
15.420541 611.241230
7.643865 56.720384
13.868343 514.485921
19.362773 863.414841
4.587319 96.098454
13.250292 1130.048972
13.736477 561.442974
14.075451 614.477338
16.157900 518.137358
16.763454 236.478238
13.341495 263.736183
24.346415 1236.628424
12.864404 797.409365
7.397487 209.520079
19.427672 1241.606981
34.321871 1689.569977
15.204111 1556.230230
18.383293 1408.063808
15.644804 394.515242
16.106542 1349.029855
12.331627 616.912965
19.765940 1870.119279
34.858310 3833.220517
36.070075 1822.124046
30.155646 4109.023466
13.497785 272.578760
16.288618 429.724236
15.411094 739.976702
7.766056 84.884332
6.982341 54.176631
15.265835 458.288601
15.040721 295.992634
2.003758 10.727871
3.768560 41.122086
6.773997 66.197045
12.642104 801.835609
3.329365 19.798135
3.124419 26.349756
2.905798 17.816728
5.646950 40.914201
1.152269 4.749327
2.506583 21.528958
5.541550 105.296921
5.493180 94.102387
2.772141 24.673554
3.457425 80.798366
4.064079 30.780472
7.982563 207.150155
0.888256 1.884197
2.627514 36.020465
1.225879 8.243390
0.653725 0.665029
0.768241 1.260832
0.739417 1.413227
1.307678 2.584553
1.213920 4.674510
